0000000000000000000000000000
0000000000000000000000000000
0000000000000000000000000000
0000000000000000000000000000
0000000000000000000000000000
0000000001100001110000000000
0000000001100111111000000000
0000000001101111111100000000
0000000001111110011100000000
0000000001111100001100000000
0000000001111000001100000000
0000000001110000001100000000
0000000001110000001100000000
0000000011110000001100000000
0000000011100000001100000000
0000000011100000001110000000
0000000011100000001110000000
0000000011100000001110000000
0000000011100000001110000000
0000000011100000001110000000
0000000001100000001110000000
0000000000000000000000000000
0000000000000000000000000000
0000000000000000000000000000
0000000000000000000000000000
0000000000000000000000000000
0000000000000000000000000000
0000000000000000000000000000
