0000000000000000000000000000
0000000000000000000000000000
0000000000000000011001100000
0000000000000011111111100000
0000000000000111111111100000
0000000000001111111111100000
0000000000011110000011100000
0000000000111100000001100000
0000000001111000000000000000
0000000011110000000000000000
0000000011110000000000000000
0000000111100000000000000000
0000000111100000000000000000
0000001111000000000000000000
0000001110000000000000000000
0000001110000000000000000000
0000001110000000000000000000
0000011110000000000000000000
0000011110000000000000000000
0000011110000000000000000000
0000001110000000000011000000
0000001110000000000111100000
0000001111100000011111100000
0000000111111011111111000000
0000000011111111111100000000
0000000001111111110000000000
0000000000011111000000000000
0000000000000000000000000000
