0000000000000000000000000000
0000000011000000000110000000
0000000011100000001110000000
0000000111100000001111000000
0000000111100000001111000000
0000000111100000001111000000
0000001111100000011111000000
0000001111110000011111100000
0000001111110000011111100000
0000001111110000111111100000
0000001111110000111011100000
0000001100111000111001100000
0000011100111000110001100000
0000011100111001110001100000
0000011100111001110001110000
0000111100011001110001110000
0000111000011111100001110000
0000111000011111100001110000
0000111000011111000000111000
0001111000001111000000111000
0001110000001111000000111000
0001110000001111000000111100
0001110000000110000000011100
0000000000000000000000000000
0000000000000000000000000000
0000000000000000000000000000
0000000000000000000000000000
0000000000000000000000000000
