0000000000000000000000000000
0000000000000000000000000000
0000000001111111111111100000
0000000001111111111111110000
0000000001111111111111110000
0000000000001111110000000000
0000000000000001110000000000
0000000000000001110000000000
0000000000000001110000000000
0000000000000001110000000000
0000000000000001110000000000
0000000000000001110000000000
0000000000000001110000000000
0000000000000001110000000000
0000000000000001110000000000
0000000000000001110000000000
0000000000000001110000000000
0000000000000001110000000000
0000000000000001110000000000
0000011000000001110000000000
0000011100000001110000000000
0000011100000001100000000000
0000011100000011100000000000
0000011110000011100000000000
0000001111100011100000000000
0000000111111111100000000000
0000000011111111000000000000
0000000000111110000000000000
