0000000000000000000000000000
0000000000000000000000000000
0000001100000000000001100000
0000001110000000000011100000
0000001110000000000011100000
0000001110000000000011100000
0000001110000000000011100000
0000001110000000000011100000
0000001110000000000011100000
0000001110000000000011100000
0000001110000000000011100000
0000001110000000000011100000
0000001110000000000011100000
0000001110000000000011100000
0000001110000000000111000000
0000001110000000000111000000
0000001110000000000111000000
0000000111000000001110000000
0000000111100000001110000000
0000000011100000011110000000
0000000011111101111100000000
0000000000111111111000000000
0000000000011111100000000000
0000000000000000000000000000
0000000000000000000000000000
0000000000000000000000000000
0000000000000000000000000000
0000000000000000000000000000
