0000000000000000000000000000
0110000000000000000000000011
0111000000000111000000000111
0111000000000111000000000111
0111100000001111000000001110
0011100000001111000000001110
0011100000011111100000001110
0001110000011111100000011100
0001110000011111100000011100
0001110000011111100000011100
0001110000111001100000111000
0000111000111001100000111000
0000111000111001110000110000
0000111001110001110001110000
0000111001110001110001100000
0000011011110000110001100000
0000011111100000110011100000
0000011111100000111011000000
0000001111000000111111000000
0000001111000000111111000000
0000001111000000111110000000
0000001111000000011110000000
0000001110000000011100000000
0000000000000000001000000000
0000000000000000000000000000
0000000000000000000000000000
0000000000000000000000000000
0000000000000000000000000000
