0000000000000000011000000000
0000000000000000111000000000
0000000000000001111000000000
0000000000000011111000000000
0000000000000111111000000000
0000000000000111011000000000
0000000000001110011000000000
0000000000001110011000000000
0000000000011100011000000000
0000000000111000011000000000
0000000001111000011000000000
0000000001110000011000000000
0000000011110000011000000000
0000000111100000011000000000
0000001111111111111111000000
0000001111111111111111100000
0000001111111111111111100000
0000000000000000011000000000
0000000000000000011000000000
0000000000000000011000000000
0000000000000000011000000000
0000000000000000011000000000
0000000000000000011000000000
0000000000000000011000000000
0000000000000000000000000000
0000000000000000000000000000
0000000000000000000000000000
0000000000000000000000000000
