0000000000000000000000000000
0000000111111111111110000000
0000000111111111111110000000
0000000011111111111100000000
0000000011100000000000000000
0000000011100000000000000000
0000000111100000000000000000
0000000111001111110000000000
0000000111011111111000000000
0000000111111111111100000000
0000000111111000011110000000
0000000111110000001110000000
0000000111100000000111000000
0000000111000000000111000000
0000000000000000000111000000
0000000000000000000111000000
0000000000000000000111000000
0000000000000000000111000000
0000000000000000001111000000
0000000110000000011110000000
0000000111000000011110000000
0000000111110001111100000000
0000000011111111111000000000
0000000000111111100000000000
0000000000000000000000000000
0000000000000000000000000000
0000000000000000000000000000
0000000000000000000000000000
