0000000000000000000000000000
0000000000000000000000000000
0000000000000000000000000000
0000000000000000000000000000
0000000000000000000000000000
0000000000000000000000000000
0000000000000000000000000000
0000000000000000000000000000
0000000000001111110000000000
0000000000011111111100000000
0000000000111100001100000000
0000000001110000001100000000
0000000001100000001100000000
0000000001100000001100000000
0000000011100000011100000000
0000000011100000011100000000
0000000011100000011100000000
0000000001100000111100000000
0000000001110001111100000000
0000000001111111111100000000
0000000000011111011100000000
0000000000000000011100000000
0000000000000000011000000000
0000000000000000011000000000
0000000000000000111000000000
0000000000000001110000000000
0000000011111111110000000000
0000000001111111000000000000
