0000000000000000000000000000
0000000001111110000000000000
0000000111111111100000000000
0000000111111111110000000000
0000000111000011111100000000
0000000111000000111100000000
0000000111000000011110000000
0000000111000000011110000000
0000000111000000001110000000
0000000111000000011110000000
0000000111000000011110000000
0000001111000000011110000000
0000001110000000111100000000
0000001110000011111000000000
0000001111111111110000000000
0000001111111111111000000000
0000001111111111111110000000
0000001110000001111111000000
0000001110000000001111000000
0000001110000000000111000000
0000001110000000000111100000
0000001110000000001111000000
0000001110000000011111000000
0000001110000111111110000000
0000001111111111111100000000
0000001111111111110000000000
0000000111111110000000000000
0000000000000000000000000000
