0000000000001100000000000000
0000000001111111100000000000
0000000001111111110000000000
0000000001100001111000000000
0000000001100000011100000000
0000000001100000001100000000
0000000011100000001110000000
0000000011100000001110000000
0000000011100000001110000000
0000000011100000011100000000
0000000011100000111100000000
0000000011110111111000000000
0000000011111111110000000000
0000000011111111000000000000
0000000011100000000000000000
0000000011100000000000000000
0000000011100000000000000000
0000000011100000000000000000
0000000011100000000000000000
0000000011100000000000000000
0000000011100000000000000000
0000000011100000000000000000
0000000001000000000000000000
0000000000000000000000000000
0000000000000000000000000000
0000000000000000000000000000
0000000000000000000000000000
0000000000000000000000000000
