0000000000000000000000000000
0000000000000000000000000000
0000000000000000000000000000
0000000000000000000000000000
0000000000000000000000000000
0000000000000000111000000000
0000000001100011111100000000
0000000001111111111100000000
0000000001111110011100000000
0000000001111000011100000000
0000000001110000011100000000
0000000001110000000000000000
0000000001100000000000000000
0000000001100000000000000000
0000000001100000000000000000
0000000001100000000000000000
0000000001100000000000000000
0000000001100000000000000000
0000000001100000000000000000
0000000001100000000000000000
0000000001100000000000000000
0000000000000000000000000000
0000000000000000000000000000
0000000000000000000000000000
0000000000000000000000000000
0000000000000000000000000000
0000000000000000000000000000
0000000000000000000000000000
