0000000000000000000000000000
0000000000000000000000000000
0000000011111111000000000000
0000001111111111111111000000
0000001111111111111111000000
0000000111111111111111000000
0000000000001110000000000000
0000000000001110000000000000
0000000000001110000000000000
0000000000001110000000000000
0000000000001110000000000000
0000000000001110000000000000
0000000000001110000000000000
0000000000001110000000000000
0000000000001110000000000000
0000000000001110000000000000
0000000000001110000000000000
0000000000001110000000000000
0000000000001110000000000000
0000000000001110000000000000
0000000000001110000000000000
0000000000001110000000000000
0000000000001110000000000000
0000000000011111111110000000
0000000111111111111111000000
0000000111111111111111000000
0000000111111000000000000000
0000000000000000000000000000
