0000000000000000000000000000
0000000100000000000001000000
0000001110000000000011100000
0000001111000000000111100000
0000000111100000000111000000
0000000011100000001111000000
0000000011110000001110000000
0000000001110000001110000000
0000000000111000011100000000
0000000000111000011100000000
0000000000011100111000000000
0000000000011100111000000000
0000000000001110111000000000
0000000000001111110000000000
0000000000000111110000000000
0000000000000011100000000000
0000000000000011100000000000
0000000000000111000000000000
0000000000000111000000000000
0000000000001110000000000000
0000000000001110000000000000
0000000000011100000000000000
0000000000011100000000000000
0000000000000000000000000000
0000000000000000000000000000
0000000000000000000000000000
0000000000000000000000000000
0000000000000000000000000000
