0000000000000000000000000000
0000000000000000000000000000
0000000000000000000000000000
0000000000000000000000000000
0000000000000000000000000000
0000000001100000001100000000
0000000001110000001110000000
0000000001110000001110000000
0000000001100000001110000000
0000000011100000001110000000
0000000011100000001110000000
0000000011100000001110000000
0000000011100000001110000000
0000000001100000001110000000
0000000001100000001110000000
0000000001100000001110000000
0000000001110000001110000000
0000000001110000001110000000
0000000001111111111110000000
0000000000111111111110000000
0000000000011111101110000000
0000000000000000000000000000
0000000000000000000000000000
0000000000000000000000000000
0000000000000000000000000000
0000000000000000000000000000
0000000000000000000000000000
0000000000000000000000000000
