0000000000000000000000000000
0000000100000000000000100000
0000001110000000000001110000
0000001111000000000011100000
0000000111100000000111100000
0000000011110000001111000000
0000000001111000001110000000
0000000000111000011110000000
0000000000011100111100000000
0000000000011110111000000000
0000000000001111110000000000
0000000000000111110000000000
0000000000000111100000000000
0000000000001111110000000000
0000000000011111110000000000
0000000000011100111000000000
0000000000111000111100000000
0000000001111000011110000000
0000000011100000001110000000
0000000111100000001111000000
0000001111000000000111100000
0000011110000000000011100000
0000001100000000000001100000
0000000000000000000000000000
0000000000000000000000000000
0000000000000000000000000000
0000000000000000000000000000
0000000000000000000000000000
