0000000000000000000000000000
0000000000000111100000000000
0000000000111111111100000000
0000000011111111111110000000
0000000111111000011111000000
0000001111100000000111100000
0000011110000000000011100000
0000111100000000000001110000
0000111000000000000001110000
0001110000000000000001111000
0001110000000000000000111000
0001110000000000000000111000
0001110000000000000000111000
0001110000000000000000111000
0001110000000000000000111000
0001110000000000000000111000
0001110000000110000001111000
0000111000000111000001110000
0000111100000111100011100000
0000011110000011111111100000
0000001111000001111111000000
0000000111111111111110000000
0000000011111111111110000000
0000000000011111001111100000
0000000000000000000111110000
0000000000000000000001111000
0000000000000000000000111100
0000000000000000000000011100
