0000000000100000000000000000
0000000011111000000000000000
0000000111111000000000000000
0000001110000000000000000000
0000001110000000000000000000
0000001100000000000000000000
0000001100000000000000000000
0000001100000000000000000000
0001111111110001111111111000
0001111111110011111111111000
0000001100000111000001100000
0000001100000111000001110000
0000001100000111000001110000
0000001100000111000001110000
0000001100000111000001110000
0000001100000011100111100000
0000001100000011111111000000
0000001100000110011100000000
0000001100000110000000000000
0000001100000111000000000000
0000001100000111111111100000
0000001100000011111111111000
0000001100000111000000111000
0000000000001110000000011000
0000000000001110000000011000
0000000000001110000000111000
0000000000000111111111110000
0000000000000011111111100000
