0000000000000000000000000000
0000000000000000000000000000
0000000000000000000000000000
0000000000000000000000000000
0000000000000000000000000000
0000000111001111111000000000
0000000111011111111100000000
0000000111111100011110000000
0000000111110000011110000000
0000000111100000001110000000
0000000111000000000110000000
0000000111000000000111000000
0000000111000000000111000000
0000000111000000000111000000
0000000111000000000111000000
0000000111000000000111000000
0000000111000000000111000000
0000000111000000000111000000
0000000111000000000111000000
0000000111000000000111000000
0000000111000000000111000000
0000000111000000000111000000
0000000000000000000000000000
0000000000000000000000000000
0000000000000000000000000000
0000000000000000000000000000
0000000000000000000000000000
0000000000000000000000000000
