0000000000000000000000000000
0000000000000000000000000000
0000000000000000000000000000
0000000000000000000000000000
0000000000000000000000000000
0000000111000000000110000000
0000000111000000000110000000
0000000111000000000110000000
0000000111000000000110000000
0000000111000000000110000000
0000000111000000000110000000
0000000111000000000110000000
0000000111000000000110000000
0000000111000000000110000000
0000000111000000000110000000
0000000111000000000110000000
0000000111000000000110000000
0000000011100000001110000000
0000000011100000011110000000
0000000011110001111110000000
0000000001111111100110000000
0000000000111111000110000000
0000000000000000000000000000
0000000000000000000000000000
0000000000000000000000000000
0000000000000000000000000000
0000000000000000000000000000
0000000000000000000000000000
