0000000000000111000000000000
0000000000001111100000000000
0000000000001111100000000000
0000000000011111110000000000
0000000000011111110000000000
0000000000111101111000000000
0000000000111101111000000000
0000000000111001111000000000
0000000000111000111000000000
0000000001111000111100000000
0000000001110000111100000000
0000000011110000011100000000
0000000011100000011110000000
0000000011100000011110000000
0000000111100000001111000000
0000000111000000001111000000
0000001111000000000111000000
0000001111000000000111100000
0000001111111111111111100000
0000011111111111111111110000
0000011111111111111111110000
0000011110000000000011110000
0000011100000000000011110000
0000111100000000000001111000
0000111000000000000001111000
0001111000000000000000111100
0001111000000000000000111100
0001110000000000000000111100
