0000011111110000000000000000
0000111111111111110000000000
0000111111111111111000000000
0000111111111111111110000000
0000111100000001111111000000
0000111100000000001111100000
0000111100000000000111110000
0000111100000000000111110000
0000111100000000000011110000
0000111100000000000011110000
0000111100000000000001111000
0000111100000000000001111000
0000111100000000000001111000
0000111100000000000001111000
0000111100000000000001111000
0000111100000000000001111000
0000111100000000000001111000
0000111100000000000001111000
0000111100000000000001111000
0000111100000000000011110000
0000111100000000000011110000
0000111100000000000111110000
0000111100000000000111110000
0000111100000000001111100000
0000111100000001111111000000
0000111111111111111100000000
0000111111111111111000000000
0000111111111111100000000000
