0000000000000011111100000000
0000000000011111111111100000
0000000001111111111111111000
0000000011111111111111111000
0000000111111000000001111100
0000001111100000000000001000
0000011111000000000000000000
0000011110000000000000000000
0000011110000000000000000000
0000111100000000000000000000
0000111100000000000000000000
0000111100000000000000000000
0000111000000000000000000000
0000111000000001111111111000
0001111000000001111111111000
0000111000000001111111111100
0000111000000000000000111100
0000111100000000000000111100
0000111100000000000000111100
0000111100000000000000111100
0000011110000000000000111100
0000011110000000000000111100
0000011111000000000000111100
0000001111100000000000111100
0000000111111000000011111100
0000000011111111111111111000
0000000001111111111111111000
0000000000011111111111100000
