0011100000000000000000001100
0111111000000000000000111111
0111111100000000000000111111
0111111100000000000001111111
0111011100000000000001111111
0111011100000000000011111111
0111001110000000000011101111
0111001110000000000011101111
0111001111000000000111001111
0111000111000000000111001111
0111000111100000001111001111
0111000011100000001110001111
0111000011110000001110001111
0111000011110000011100001111
0111000001110000011100001111
0111000001110000111100001111
0111000000111000111000001111
0111000000111000111000001111
0111000000111101110000001111
0111000000011101110000001111
0111000000011111100000001111
0111000000001111100000001111
0111000000001111000000001111
0111000000001111000000001111
0111000000000111000000001111
0000000000000000000000000000
0000000000000000000000000000
0000000000000000000000000000
