0000000011111100000000000000
0000000111111111110000000000
0000000111111111111100000000
0000000111000001111110000000
0000000111000000001111000000
0000000111000000001111000000
0000000111000000000111000000
0000000111000000000111000000
0000000111000000000111000000
0000000111000000001111000000
0000000111000000001111000000
0000000111000000001110000000
0000000111000000111110000000
0000000111111111111100000000
0000000111111111110000000000
0000000111111111000000000000
0000000111000000000000000000
0000000111000000000000000000
0000000111000000000000000000
0000000111000000000000000000
0000000111000000000000000000
0000000111000000000000000000
0000000111000000000000000000
0000000111000000000000000000
0000000111000000000000000000
0000000000000000000000000000
0000000000000000000000000000
0000000000000000000000000000
