0000001100000000000001100000
0000011100000000000011110000
0000011100000000000011110000
0000011100000000000011110000
0000011100000000000011110000
0000011100000000000011110000
0000011100000000000011110000
0000011100000000000011110000
0000011100000000000011110000
0000011100000000000011110000
0000011100000000000011110000
0000011100000000000011110000
0000011100000000000011110000
0000011100000000000011110000
0000011100000000000011110000
0000011100000000000011110000
0000011100000000000011110000
0000011100000000000011110000
0000001110000000000011100000
0000001110000000000011100000
0000001111000000000111000000
0000001111100000001111000000
0000000011111111111110000000
0000000011111111111100000000
0000000000111111110000000000
0000000000000000000000000000
0000000000000000000000000000
0000000000000000000000000000
