0000000000000000000000000000
0000000000000000000000000000
0000000000000000000000000000
0000000000000000000000000000
0000000000000000000000000000
0011100111111100001111110000
0011101111111110011111111000
0011111110011111111000111100
0011111000001111110000011100
0011110000000111100000011100
0011100000000111000000001110
0011100000000111000000001110
0011100000000111000000001110
0011100000000111000000001110
0011100000000111000000001110
0011100000000111000000001110
0011100000000111000000001110
0011100000000111000000001110
0011100000000111000000001110
0011100000000111000000001110
0011100000000111000000001110
0011100000000111000000001110
0000000000000000000000000000
0000000000000000000000000000
0000000000000000000000000000
0000000000000000000000000000
0000000000000000000000000000
0000000000000000000000000000
