0000000111111100000000000000
0000011111111111110000000000
0000011111111111111100000000
0000011111111111111100000000
0000011110000000111110000000
0000011110000000001111000000
0000011110000000001111000000
0000011110000000001111000000
0000011110000000001111000000
0000011110000000001111000000
0000011110000000011110000000
0000011110000000111100000000
0000011110000011111100000000
0000011111111111111000000000
0000011111111111111100000000
0000011110000001111111000000
0000011110000000001111100000
0000011110000000000111100000
0000011110000000000111110000
0000011110000000000111110000
0000011110000000000011110000
0000011110000000000111110000
0000011110000000000111110000
0000011110000000000111100000
0000011110000000011111000000
0000011111111111111110000000
0000011111111111111100000000
0000011111111111111000000000
