0000001110000000000011000000
0000011110000000000111100000
0000011110000000001111000000
0000011110000000011110000000
0000011110000000111110000000
0000011110000001111000000000
0000011110000001111000000000
0000011110000011110000000000
0000011110000111100000000000
0000011110001111100000000000
0000011110011110000000000000
0000011110011110000000000000
0000011110111100000000000000
0000011111111000000000000000
0000011110111100000000000000
0000011110111110000000000000
0000011110011110000000000000
0000011110001111000000000000
0000011110001111100000000000
0000011110000011110000000000
0000011110000011111000000000
0000011110000001111000000000
0000011110000001111100000000
0000011110000000111100000000
0000011110000000011111000000
0000011110000000001111000000
0000011110000000000111100000
0000011110000000000111110000
