0000000000111111000000000000
0000000011111111111000000000
0000001111111111111100000000
0000011111100000111110000000
0000111100000000001111000000
0000111100000000000111000000
0001111000000000000011100000
0001110000000000000011100000
0001110000000000000011110000
0001110000000000000011110000
0011110000000000000011110000
0011110000000000000011110000
0011110000000000000011110000
0011110000000000000011110000
0011110000000000000011110000
0011110000000000000011110000
0001110000000000000011110000
0001110000000000000011100000
0001111000000000000011100000
0001111000000000000111100000
0000111100000000001111000000
0000111110000000011111000000
0000001111111111111111000000
0000001111111111111111000000
0000000001111111100011110000
0000000000000000000011111100
0000000000000000000000111110
0000000000000000000000001110
