0000000000000000000000000000
0000000000000000000000000000
0000000000000000000000000000
0000000000000000000000000000
0000000000000000000000000000
0000000111000000000111000000
0000000111000000000111000000
0000000111000000001110000000
0000000111100000001110000000
0000000011100000011100000000
0000000011110000011100000000
0000000001110000011100000000
0000000001110000011000000000
0000000001110000111000000000
0000000000111000111000000000
0000000000111001111000000000
0000000000111101110000000000
0000000000011101110000000000
0000000000011101100000000000
0000000000001111100000000000
0000000000001111100000000000
0000000000001111000000000000
0000000000000000000000000000
0000000000000000000000000000
0000000000000000000000000000
0000000000000000000000000000
0000000000000000000000000000
0000000000000000000000000000
