0000000000000000000000000000
0000000000000000000000000000
0000000000000110000000000000
0000000000001111000000000000
0000000000001111100000000000
0000000000001111100000000000
0000000000011101100000000000
0000000000011001110000000000
0000000000111001110000000000
0000000000111000110000000000
0000000000110000111000000000
0000000001110000111000000000
0000000001110000011100000000
0000000001100000011100000000
0000000011100000011100000000
0000000011111111111110000000
0000000011111111111110000000
0000000111000000001110000000
0000000111000000000111000000
0000000110000000000111000000
0000001110000000000111000000
0000001110000000000011100000
0000001100000000000011100000
0000000000000000000000000000
0000000000000000000000000000
0000000000000000000000000000
0000000000000000000000000000
0000000000000000000000000000
