0000000000000000000000000000
0000000000000000000000000000
0000000000000000000000000000
0000000000000000000000000000
0000000000000000000000000000
0000000000000000000000000000
0000000000000000000000000000
0000000011100000001110000000
0000000011100000001110000000
0000000011100000001110000000
0000000011100000001110000000
0000000011100000001110000000
0000000011100000001110000000
0000000011100000001110000000
0000000011100000001110000000
0000000011100000001110000000
0000000011100000001110000000
0000000011100000001110000000
0000000011100000001110000000
0000000001110000011110000000
0000000001111111111110000000
0000000000111111101110000000
0000000000001110000000000000
0000000000000000000000000000
0000000000000000000000000000
0000000000000000000000000000
0000000000000000000000000000
0000000000000000000000000000
