0000000000001111110000000000
0000000000111111111100000000
0000000011111111111111100000
0000001111110000001111110000
0000011111100000000111110000
0000011110000000000001111000
0000111100000000000001111100
0001111100000000000000111100
0001111000000000000000010000
0001110000000000000000000000
0001110000000000000000000000
0011110000000000000000000000
0011110000000000000000000000
0011110000000000000000000000
0011110000000001111111111100
0011110000000001111111111100
0011110000000001111111111100
0001110000000000000000011100
0001110000000000000000011100
0001111000000000000000011100
0001111100000000000000011100
0000111100000000000000011100
0000011110000000000000111100
0000001111100000000011111100
0000000111111111111111110000
0000000011111111111111100000
0000000000111111111110000000
0000000000000000000000000000
