0000000000000000000000000000
0000011100000000000001110000
0000011100000000000001110000
0000011100000000000001110000
0000011100000000000001110000
0000011100000000000001110000
0000011100000000000001110000
0000011100000000000001110000
0000011100000000000001110000
0000011100000000000001110000
0000011100000000000001110000
0000011100000000000001110000
0000011111111111111111110000
0000011111111111111111110000
0000011111111111111111110000
0000011100000000000001110000
0000011100000000000001110000
0000011100000000000001110000
0000011100000000000001110000
0000011100000000000001110000
0000011100000000000001110000
0000011100000000000001110000
0000011100000000000001110000
0000011100000000000001110000
0000011100000000000001110000
0000011100000000000001110000
0000011100000000000001110000
0000000000000000000000000000
