0000000000000000000000000000
0001111000000000000111110000
0001111000000000001111100000
0001111000000000011110000000
0001111000000000111110000000
0001111000000001111100000000
0001111000000011110000000000
0001111000000111110000000000
0001111000001111100000000000
0001111000011110000000000000
0001111000111110000000000000
0001111001111100000000000000
0001111011111100000000000000
0001111111111100000000000000
0001111111111110000000000000
0001111110001111100000000000
0001111110001111100000000000
0001111100000011110000000000
0001111000000011110000000000
0001111000000001111000000000
0001111000000001111100000000
0001111000000000011110000000
0001111000000000011110000000
0001111000000000001111100000
0001111000000000000111100000
0001111000000000000011110000
0001111000000000000011111000
0000000000000000000000000000
