0000000000000000000000000000
0011111100000000000001111110
0011111100000000000001111110
0011111110000000000011111110
0011111110000000000011111110
0011111110000000000011111110
0011111110000000000011111110
0011110111000000000111011110
0011110111000000000111011110
0011110011100000001110011110
0011110011100000001110011110
0011110011100000001110011110
0011110011100000001110011110
0011110001110000011100011110
0011110001110000011100011110
0011110001110000011100011110
0011110001110000011100011110
0011110000111000111000011110
0011110000111000111000011110
0011110000011101110000011110
0011110000011101110000011110
0011110000011101110000011110
0011110000011101110000011110
0011110000001111100000011110
0011110000001111100000011110
0011110000001111100000011110
0011110000001111100000011110
0000000000000000000000000000
