0000000000000000000000000000
0001111111111111110000000000
0001111111111111111110000000
0001111111111111111111000000
0001111000000000011111000000
0001111000000000000111100000
0001111000000000000011100000
0001111000000000000011100000
0001111000000000000011100000
0001111000000000000011100000
0001111000000000000111100000
0001111000000000001111100000
0001111111111111111111000000
0001111111111111111110000000
0001111111111111111100000000
0001111000000111100000000000
0001111000000011110000000000
0001111000000001111000000000
0001111000000000111100000000
0001111000000000011110000000
0001111000000000011110000000
0001111000000000001111000000
0001111000000000001111100000
0001111000000000000111100000
0001111000000000000011110000
0001111000000000000011110000
0001111000000000000001111000
0000000000000000000000000000
