0000000000000000000000000000
0000000000001111100000000000
0000000000111111111000000000
0000000001111111111100000000
0000000011110000011100000000
0000000011100000001110000000
0000000111000000001110000000
0000000000000000001110000000
0000000000000000001100000000
0000000000000000011100000000
0000000000000111111000000000
0000000000000111111000000000
0000000000000100111100000000
0000000000000000001110000000
0000000000000000000111000000
0000000000000000000111000000
0000000000000000000111000000
0000000111000000000111000000
0000000111100000000111000000
0000000011100000001110000000
0000000001111000011110000000
0000000000111111111100000000
0000000000111111111000000000
0000000000001111100000000000
0000000000000000000000000000
0000000000000000000000000000
0000000000000000000000000000
0000000000000000000000000000
