0000000000000000000000000000
0000000000000000000000000000
0000000000000000000000000000
0000000000000000000000000000
0000000000000000000000000000
0000000000000000000000000000
0000000000001111000000000000
0000000000011111110110000000
0000000000111111111110000000
0000000001110000011110000000
0000000011100000001110000000
0000000011100000001110000000
0000000011000000000110000000
0000000011000000000110000000
0000000011000000000110000000
0000000011000000000110000000
0000000011100000001110000000
0000000011100000001110000000
0000000001110000011110000000
0000000001111000111110000000
0000000000111111111110000000
0000000000011111100110000000
0000000000000000000110000000
0000000011000000001110000000
0000000011100000001110000000
0000000001110000111100000000
0000000001111111111000000000
0000000000011111110000000000
