0000000000000000001100000000
0000000000000000011000000000
0000000000000001100000000000
0000000000000111000000000000
0000000000001100000000000000
0000000000001100000000000000
0000000000011000000000000000
0000000000110000000000000000
0000000001110000000000000000
0000000001100001000000000000
0000000001100111110000000000
0000000011100000011000000000
0000000011100000001100000000
0000000011100000001110000000
0000000011100000001110000000
0000000011000000001110000000
0000000011100000001110000000
0000000011100000001110000000
0000000001100000001110000000
0000000001100000001100000000
0000000001110000011100000000
0000000000011000011000000000
0000000000001111100000000000
0000000000000000000000000000
0000000000000000000000000000
0000000000000000000000000000
0000000000000000000000000000
0000000000000000000000000000
