0000000000000001000000000000
0000000000000011100000000000
0000000000000111100000000000
0000000000001111100000000000
0000000000010011100000000000
0000000000100011000000000000
0000000000000011000000000000
0000000000000011000000000000
0000000000000011000000000000
0000000000000011000000000000
0000000000000011000000000000
0000000000000011000000000000
0000000000000011000000000000
0000000000000011000000000000
0000000000000011000000000000
0000000000000011000000000000
0000000000000011000000000000
0000000000000011000000000000
0000000000000011000000000000
0000000000000011000000000000
0000000000000011000000000000
0000000000001111110000000000
0000000000000000000000000000
0000000000000000000000000000
0000000000000000000000000000
0000000000000000000000000000
0000000000000000000000000000
0000000000000000000000000000
