0000000000000000000000000000
0000000000000000000000000000
0000000000000000000000000000
0000000000000000000000000000
0000000000110000111000000000
0000000001100000011000000000
0000000011000000001110000000
0000000111000000000110000000
0000001110000000000111000000
0000001110000000000111000000
0000001110000000000111000000
0000001110000000000111100000
0000001110000000000111000000
0000001110000000000111000000
0000001110000000000111000000
0000000111000000000110000000
0000000011000000001100000000
0000000001100000011000000000
0000000000111111100000000000
0000000000000000000000000000
0000000000000000000000000000
0000000000000000000000000000
0000000000000000000000000000
0000000000000000000000000000
0000000000000000000000000000
0000000000000000000000000000
0000000000000000000000000000
0000000000000000000000000000
