0000000000000000000000000000
0000011111111111000000000000
0000000111000011110000000000
0000000011000001111000000000
0000000011000000111000000000
0000000011000000011100000000
0000000011000000011100000000
0000000011000000011000000000
0000000011000000111000000000
0000000011000000110000000000
0000000011000111100000000000
0000000011111111000000000000
0000000011000011100000000000
0000000011000011100000000000
0000000011000001110000000000
0000000011000001110000000000
0000000011000000111000000000
0000000011000000111000000000
0000000011000000011100000000
0000000011000000001110000000
0000000111110000001111000000
0000000000000000000000000000
0000000000000000000000000000
0000000000000000000000000000
0000000000000000000000000000
0000000000000000000000000000
0000000000000000000000000000
0000000000000000000000000000
