0000000000010000000000000000
0000000011110000000000000000
0000000001110000000000000000
0000000000110000000000000000
0000000000110000000000000000
0000000000110000000000000000
0000000000110000000000000000
0000000000110000000000000000
0000000000110000000000000000
0000000000110111111000000000
0000000000110000011100000000
0000000000110000001110000000
0000000000110000000110000000
0000000000110000000110000000
0000000000110000000110000000
0000000000110000000110000000
0000000000110000000110000000
0000000000110000000110000000
0000000000110000000110000000
0000000000111000001100000000
0000000000101111110000000000
0000000000000000000000000000
0000000000000000000000000000
0000000000000000000000000000
0000000000000000000000000000
0000000000000000000000000000
0000000000000000000000000000
0000000000000000000000000000
