0000000000000000001000000000
0000000000000001111100000000
0000000000000000011100000000
0000000000000000011100000000
0000000000000000011100000000
0000000000000000011100000000
0000000000000000011100000000
0000000000000000011000000000
0000000000000000011000000000
0000000000011111111000000000
0000000001100000111100000000
0000000001100000011100000000
0000000011000000011100000000
0000000011000000011100000000
0000000111000000011100000000
0000000111000000011100000000
0000000011000000011100000000
0000000011000000011100000000
0000000011100000011100000000
0000000001110000011100000000
0000000000111111001110000000
0000000000000000000000000000
0000000000000000000000000000
0000000000000000000000000000
0000000000000000000000000000
0000000000000000000000000000
0000000000000000000000000000
0000000000000000000000000000
