0000000100000000000000000000
0000001100000000000111000000
0000011100000000000011000000
0000001100000000000001000000
0000001100000000000001000000
0000001100000000000001000000
0000001100000000000001000000
0000001100000000000001000000
0000001100000000000001000000
0000001100011111100001000000
0000001100000100000001000000
0000001100001000000011000000
0000001100010000000011000000
0000001100100000000011000000
0000001111110000000011000000
0000001100110000000011000000
0000001100011000000011000000
0000001100001100000011000000
0000001100000110000011000000
0000001100000111000011000000
0000111111011111111111111000
0000000000000000000000000000
0000000000000000000000000000
0000000000000000000000000000
0000000000000000000000000000
0000000000000000000000000000
0000000000000000000000000000
0000000000000000000000000000
