0000000000000000000000000000
0111110000111110111111100000
0011000000001000000110000000
0001000000100000000110000000
0001000001000000000110000000
0001000010000000000110000000
0001000000000000000110000000
0001001000000000000110000000
0001011100000000000110000000
0001001110000000000110000000
0001000011000000000110000000
0001000001100000000110000000
0001000000111000000110000000
0001000000011100001110000001
0111110000111111011111111111
0000000000000000000000000000
0000000000000000000000000000
0000000000000000000000000000
0000000000000000000000000000
0000000000000000000000000000
0000000000000000000000000000
0000000000000000000000000000
0000000000000000000000000000
0000000000000000000000000000
0000000000000000000000000000
0000000000000000000000000000
0000000000000000000000000000
0000000000000000000000000000
