0000000000000000000000000000
0001111100000000000111111100
0000111110000000000000110000
0000001111000000000000010000
0000001111100000000000010000
0000001011110000000000010000
0000001001110000000000010000
0000001000111000000000010000
0000001000011100000000010000
0000000000001110000000010000
0000000000001111000000010000
0000000000000111100000010000
0000000000000011110000010000
0000000100000001111000010000
0000000100000000111100010000
0000000100000000011110010000
0000000100000000001110010000
0000000100000000000111010000
0000000100000000000011110000
0000001100000000000001110000
0000001100000000000000110000
0001111111100000000000010000
0000000000000000000000000000
0000000000000000000000000000
0000000000000000000000000000
0000000000000000000000000000
0000000000000000000000000000
0000000000000000000000000000
