0000000000000000000000000000
0000000000111111110000000000
0000000011000000001100000000
0000000110000000000110000000
0000001100000000000011000000
0000011100000000000011100000
0000011000000000000001110000
0000111000000000000001110000
0000111000000000000001110000
0001110000000000000000111000
0001110000000000000000111000
0001110000000000000000111000
0001110000000000000000111000
0001111000000000000000111000
0000111000000000000001110000
0000111000000000000001110000
0000111000000000000001100000
0000011100000000000011100000
0000001100000000000011000000
0000000110000000000110000000
0000000011000000001100000000
0000000000011111110000000000
0000000000000111000000000000
0000000000000011110000000000
0000000000000001111000000000
0000000000000000011110000000
0000000000000000001111100000
0000000000000000000001111000
