0000000000000000000000000000
0000000000000000000000000000
0000000000000000000000000000
0000000000000000000000000000
0000000000000000000000000000
0000000000000000000000000000
0000000000000000000000000000
0000000000000000000000000000
0000000000000111000000000000
0000000000011001100000000000
0000000000110000110000000000
0000000000100000110000000000
0000000001100000110000000000
0000000000000000110000000000
0000000000000010110000000000
0000000000001100110000000000
0000000000011000110000000000
0000000000110000110000000000
0000000000110001110000000000
0000000001110010111100000000
0000000000111100111000000000
0000000000000000000000000000
0000000000000000000000000000
0000000000000000000000000000
0000000000000000000000000000
0000000000000000000000000000
0000000000000000000000000000
0000000000000000000000000000
