0000000000000000000000000000
0000000000000000000000000000
0000000000000000000000000000
0000000000000000000000000000
0000000000000000000000000000
0000000000000000000000000000
0000000000000000000000000000
0000000000000000000000000000
0000000000000011110000000000
0000000000001101111000000000
0000000000011000011100000000
0000000000110000000000000000
0000000001110000000000000000
0000000001110000000000000000
0000000001100000000000000000
0000000001110000000000000000
0000000001110000000000000000
0000000000110000000000000000
0000000000111000000100000000
0000000000011100011000000000
0000000000001111110000000000
0000000000000000000000000000
0000000000000000000000000000
0000000000000000000000000000
0000000000000000000000000000
0000000000000000000000000000
0000000000000000000000000000
0000000000000000000000000000
