0000000000000000000000000000
0000000000000111111110000000
0000000000111000000111000000
0000000001110000000001000000
0000000011100000000001000000
0000000011000000000000000000
0000000111000000000000000000
0000000110000000000000000000
0000001110000000000000000000
0000001110000000000000000000
0000001110000000000000000000
0000001110000000000000000000
0000001110000000000000000000
0000001110000000000000000000
0000001110000000000000000000
0000000110000000000000000000
0000000111000000000000000000
0000000011000000000000100000
0000000001100000000001100000
0000000000110000000011000000
0000000000001111111110000000
0000000000000000000000000000
0000000000000000000000000000
0000000000000000000000000000
0000000000000000000000000000
0000000000000000000000000000
0000000000000000000000000000
0000000000000000000000000000
