0000000000000000000000000000
0000000000000000000000000000
0000000000000000000000000000
0000000000000001110000000000
0000000011001111111000000000
0000000011011100111100000000
0000001111100000001110000000
0000000111000000001110000000
0000000011000000001110000000
0000000011000000001110000000
0000000011000000001110000000
0000000011000000001110000000
0000000011000000001110000000
0000000011000000001110000000
0000000011000000001110000000
0000000011000000000110000000
0000000011000000000110000000
0000000111110000011111000000
0000011111111001111111100000
0000000000000000000000000000
0000000000000000000000000000
0000000000000000000000000000
0000000000000000000000000000
0000000000000000000000000000
0000000000000000000000000000
0000000000000000000000000000
0000000000000000000000000000
0000000000000000000000000000
