0000000000000000000000000000
0000011000000001100000000000
0000000011100000000110000000
0000000011000000000010000000
0000000011000000000010000000
0000000011000000000000000000
0000000011000000000000000000
0000000011000000000000000000
0000000011000000000000000000
0000000011000000000000000000
0000000011111111111000000000
0000000011000000001000000000
0000000011000000000000000000
0000000011000000000000000000
0000000011000000000100000000
0000000011000000000000000000
0000000011000000000000000000
0000000011000000000000100000
0000000011000000000000100000
0000000011000000000011100000
0000011111111111111111100000
0000000000000000000000000000
0000000000000000000000000000
0000000000000000000000000000
0000000000000000000000000000
0000000000000000000000000000
0000000000000000000000000000
0000000000000000000000000000
