0000000000000000000000000000
0000000000000000000000000000
0000000000000000000000000000
0000000000000000000000000000
0000000000000000000000000000
0000000000000000000000000000
0000000000000000000000000000
0000000000000000000000000000
0000000000000111100000000000
0000000000011000010000000000
0000000000110000011000000000
0000000000110000011100000000
0000000001111111111100000000
0000000001100000000000000000
0000000001100000000000000000
0000000001100000000000000000
0000000001110000000000000000
0000000001110000000000000000
0000000000111000000100000000
0000000000011111111000000000
0000000000001111100000000000
0000000000000000000000000000
0000000000000000000000000000
0000000000000000000000000000
0000000000000000000000000000
0000000000000000000000000000
0000000000000000000000000000
0000000000000000000000000000
