0000000000000000000000000000
0000001111111111110000000000
0000000011110000111100000000
0000000001110000001110000000
0000000001110000000111000000
0000000001110000000111000000
0000000001110000000011000000
0000000001110000000011000000
0000000001110000000011000000
0000000001110000000111000000
0000000001110000000110000000
0000000001110000011100000000
0000000001110011111000000000
0000000001110000000000000000
0000000001110000000000000000
0000000001110000000000000000
0000000001110000000000000000
0000000001110000000000000000
0000000001110000000000000000
0000000001110000000000000000
0000000001111000000000000000
0000000111111110000000000000
0000000000000000000000000000
0000000000000000000000000000
0000000000000000000000000000
0000000000000000000000000000
0000000000000000000000000000
0000000000000000000000000000
