0000000000000000000000000000
0000001111111111111000000000
0000000011111000111110000000
0000000001111000001111000000
0000000001111000000111100000
0000000001111000000111100000
0000000001111000000111100000
0000000001111000000111100000
0000000001111000000111100000
0000000001111000001111000000
0000000001111000001110000000
0000000001111000111100000000
0000000001111111111000000000
0000000001111000000000000000
0000000001111000000000000000
0000000001111000000000000000
0000000001111000000000000000
0000000001111000000000000000
0000000001111000000000000000
0000000001111000000000000000
0000000001111000000000000000
0000000111111100000000000000
0000001111111110000000000000
0000000000000000000000000000
0000000000000000000000000000
0000000000000000000000000000
0000000000000000000000000000
0000000000000000000000000000
