0000000000000000000000000000
0000000000000000000000000000
0000000000000000000000000000
0000000000000000000000000000
0000000000000000000000000000
0000000000000000000000000000
0000000000011111110000000000
0000000001110000011100000000
0000000011100000001110000000
0000000011100000001110000000
0000000111000000000111000000
0000000111000000000111000000
0000000111000000000111100000
0000001111000000000111100000
0000001111000000000111100000
0000001111000000000111100000
0000001111000000000111100000
0000000111000000000111000000
0000000111000000000111000000
0000000111100000001111000000
0000000011100000001110000000
0000000001110000011100000000
0000000000111111111000000000
0000000000000010000000000000
0000000000000000000000000000
0000000000000000000000000000
0000000000000000000000000000
0000000000000000000000000000
