0000000000000000000000000000
0000000000000000000000000000
0000000000000000000000000000
0000000000000000000000000000
0000000000000000000000000000
0000000000000000000000000000
0000000111111111111111000000
0000000111111111111111000000
0000000111111111111110000000
0000000110000000000110000000
0000000110000000001100000000
0000000100000000001100000000
0000000000000000011000000000
0000000000000000011000000000
0000000000000000110000000000
0000000000000000110000000000
0000000000000001100000000000
0000000000000001000000000000
0000000000000011000000000000
0000000000000010000000000000
0000000000000110000000000000
0000000000000100000000000000
0000000000001100000000000000
0000000000011000000000000000
0000000000011000000000000000
0000000000110000000000000000
0000000000110000000000000000
0000000001100000000000000000
