0000000000000000000000000000
0000000001111100000000000000
0000000010011100000000000000
0000000110001100000000000000
0000001110000000000000000000
0000001110000000000000000000
0000001110000000000000000000
0000001110000000000000000000
0000001110000000011100000000
0001111111110001100011111100
0000001110000011100001100000
0000001110000011000001110000
0000001110000011000001110000
0000001110000011000001110000
0000001110000011100001100000
0000001110000001100011100000
0000001110000000111110000000
0000001110000001100000000000
0000001110000011000000000000
0000001110000011100000000000
0000001110000001111111111000
0000111111100000011111111100
0000000000000011100000011100
0000000000000110000000001100
0000000000000110000000001100
0000000000000110000000001100
0000000000000111000000011000
0000000000000011111111110000
