0000000000000000000000000000
0111111111110000011111111111
0011111111000000001111111110
0000111100000000000011111000
0000111100000000000001111000
0000111100000000000001111000
0000111100000000000001111000
0000111100000000000001111000
0000111100000000000001111000
0000111100000000000001111000
0000111100000000000001111000
0000111100000000000001111000
0000111100000000000001111000
0000111111111111111111111000
0000111111111111111111111000
0000111100000000000001111000
0000111100000000000001111000
0000111100000000000001111000
0000111100000000000001111000
0000111100000000000001111000
0000111100000000000001111000
0000111100000000000001111000
0000111100000000000001111000
0000111100000000000001111000
0000111100000000000001111000
0000111110000000000011111000
0111111111110000011111111111
0111111111110000011111111111
