0000000000000000000000000000
0000111111111110000000000000
0000011111111100000000000000
0000000111110000000000000000
0000000111110000000000000000
0000000111110000000000000000
0000000111110000000000000000
0000000111110000000000000000
0000000111110000000000000000
0000000111110000000000000000
0000000111110000000000000000
0000000111110000000000000000
0000000111110000000000000000
0000000111110000000000000000
0000000111110000000000000000
0000000111110000000000000000
0000000111110000000000000000
0000000111110000000000000000
0000000111110000000000000000
0000000111110000000000000000
0000000111110000000000001000
0000000111110000000000011000
0000000111110000000000111000
0000000111110000000000111000
0000000111110000000001111000
0000000111110000000011111000
0000111111111111111111111000
0000111111111111111111111000
