0000000000000000000000000000
0000000000000000000000000000
0000000000000000000000000000
0000000000000000000000000000
0000000000000000000000000000
0000001111100011111000000000
0000001111101111111100000000
0000000011110000011110000000
0000000011100000001111000000
0000000011100000000111000000
0000000011100000000111000000
0000000011100000000111100000
0000000011100000000111100000
0000000011100000000011100000
0000000011100000000011100000
0000000011100000000111100000
0000000011100000000111000000
0000000011100000000111000000
0000000011110000001110000000
0000000011110000001110000000
0000000011111100111100000000
0000000011100111100000000000
0000000011100000000000000000
0000000011100000000000000000
0000000011100000000000000000
0000000011100000000000000000
0000000011110000000000000000
0000001111111100000000000000
