0000000000000000000000000000
0000111111111111111000000000
0000011111111001111111000000
0000000111110000001111100000
0000000111110000000111110000
0000000111110000000111110000
0000000111110000000111110000
0000000111110000000111110000
0000000111110000000111110000
0000000111110000000111110000
0000000111110000000111100000
0000000111110000001111000000
0000000111110000111100000000
0000000111111111110000000000
0000000111110000011111000000
0000000111110000001111100000
0000000111110000000011110000
0000000111110000000011111000
0000000111110000000001111000
0000000111110000000001111000
0000000111110000000001111100
0000000111110000000001111000
0000000111110000000011111000
0000000111110000000011111000
0000000111110000000111110000
0000000111110000001111100000
0000111111111111111110000000
0000111111111111111000000000
