0000000000000000000000000000
0000000000000000000000000000
0000000000000000000000000000
0000000000000000000000000000
0000000000000000000000000000
0000000000011111100110000000
0000000001110001111110000000
0000000011100000011110000000
0000000111000000011110000000
0000000111000000011110000000
0000001110000000011110000000
0000001110000000011110000000
0000001110000000011110000000
0000001110000000011110000000
0000001110000000011110000000
0000001110000000011110000000
0000001111000000011110000000
0000000111000000011110000000
0000000111100000011110000000
0000000011110000111110000000
0000000001111111111110000000
0000000000011110011110000000
0000000000000000011110000000
0000000000000000011110000000
0000000000000000011110000000
0000000000000000011110000000
0000000000000000011110000000
0000000000000001111111100000
