0000000000000111100000000000
0000000000111111111100110000
0000000011110000001111110000
0000001111000000000111110000
0000011110000000000011110000
0000111100000000000001110000
0000111100000000000001110000
0001111000000000000000110000
0001111000000000000000110000
0011111000000000000000110000
0011110000000000000000000000
0011110000000000000000000000
0011110000000000000000000000
0011110000000000000000000000
0011110000000000000000000000
0011110000000000000000000000
0011110000000000111111111111
0011110000000000001111111100
0011110000000000000011110000
0011111000000000000011110000
0001111000000000000011110000
0001111100000000000011110000
0000111100000000000011110000
0000111110000000000011110000
0000011111000000000011110000
0000001111100000000011110000
0000000011111111111111100000
0000000000111111111100000000
