0000000000000111000000000000
0000000000111111111000000000
0000000011110000011110000000
0000000111000000000111000000
0000001111000000000111100000
0000001110000000000011100000
0000011110000000000011110000
0000011100000000000001110000
0000111100000000000001110000
0000111100000000000001111000
0000111100000000000001111000
0000111100000000000001111000
0000111100000000000001111000
0000111100000000000001111000
0000111100000000000001111000
0000011100000000000001110000
0000011100000000000011110000
0000011110000000000011110000
0000001110000000000011100000
0000000111000000000111000000
0000000011100000001110000000
0000000001111000111100000000
0000000000011111110000000000
0000000000000011110000000000
0000000000000011110000000000
0000000000000001111000000000
0000000000000001111100000000
0000000000000000111111111000
