0000000000000000000000000000
0000000000000000000000000000
1110011111010011111011111011
0010010010010000011010010000
0010010010001010001100011000
0011000011101010001100001010
0001100001101100000110001100
0001000001000100010010000100
0000000000000000000000000000
0000000000000000000000001000
0000000000000000000000110000
0000000000000000000000000000
0000000000000000000000000000
0000000000000000000000000000
0000000000000000000000000000
0000000000000000000000000000
0000000000000000000000000000
0000000000000000000000000000
0000000000000000000000000000
0000000000000000000000000000
0000000000000000000000000000
0000000000000000000000000000
0000000000000000000000000000
0000000000000000000000000000
0000000000000000000000000000
0000000000000000000000000000
0000000000000000000000000000
0000000000000000000000000000
