0000000000000000000000000000
0000111111111111111111111000
0000011111110000011111111000
0000000111110000000001111000
0000000011110000000000111000
0000000011110000000000111000
0000000011110000000000011000
0000000011110000000000011000
0000000011110000000000000000
0000000011110000000110000000
0000000011110000000110000000
0000000011110000000110000000
0000000011110000001110000000
0000000011111111111110000000
0000000011111111111110000000
0000000011110000001110000000
0000000011110000000110000000
0000000011110000000110000000
0000000011110000000110000000
0000000011110000000000000000
0000000011110000000000000000
0000000011110000000000000000
0000000011110000000000000000
0000000011110000000000000000
0000000011110000000000000000
0000000011110000000000000000
0000111111111111000000000000
0000111111111111000000000000
