0000000000000000000000000000
0000000000000000000000000000
0000000000000000000000000000
0000000000000000000000000000
0000000000000000000000000000
0000000011111111111110000000
0000000011111111111110000000
0000000011100000111100000000
0000000011000000111000000000
0000000011000001110000000000
0000000000000001110000000000
0000000000000011100000000000
0000000000000111100000000000
0000000000000111000000000000
0000000000001110000000000000
0000000000011110000000000000
0000000000011100000010000000
0000000000111000000010000000
0000000001111000000110000000
0000000001110000001110000000
0000000011111111111110000000
0000000000000000000000000000
0000000000000000000000000000
0000000000000000000000000000
0000000000000000000000000000
0000000000000000000000000000
0000000000000000000000000000
0000000000000000000000000000
