0000000000000000000000000000
0000000000000000000000000000
0000000000000000000000000000
0000000000000000000000000000
0000000000000000000000000000
0000000000000000000000000000
0000000000111111111110000000
0000000000111111111110000000
0000000001111111111110000000
0000000001100000000000000000
0000000001100000000000000000
0000000001100000000000000000
0000000001100000000000000000
0000000001000000000000000000
0000000001000111100000000000
0000000001011111111000000000
0000000001100000111100000000
0000000011000000011110000000
0000000000000000001110000000
0000000000000000001110000000
0000000000000000001111000000
0000000000000000001111000000
0000000010000000001110000000
0000000111000000001110000000
0000000111000000001110000000
0000000111000000011100000000
0000000011000000111000000000
0000000001111111110000000000
