0000000000000000000000000000
0001111110000000000111110000
0000011110000000000001110000
0000001110000000000001110000
0000001110000000000001110000
0000001110000000000001110000
0000001110000000000001110000
0000001110000000000001110000
0000001110000000000001110000
0000001110001111100001110000
0000001110000110000001110000
0000001110000100000001110000
0000001110001000000001110000
0000001110010000000001110000
0000001111110000000001110000
0000001111111000000001110000
0000001110011100000001110000
0000001110011100000001110000
0000001110001110000001110000
0000001110000111000001110000
0000001110000011100001110000
0000111111100011111111111100
0000000000000000000000000000
0000000000000000000000000000
0000000000000000000000000000
0000000000000000000000000000
0000000000000000000000000000
0000000000000000000000000000
