0000000000000000000000000000
0000000000001111111111110000
0000000000000011111111000000
0000000000000001111100000000
0000000000000000111100000000
0000000000000000111100000000
0000000000000000111100000000
0000000000000000111100000000
0000000000000000111100000000
0000000000000000111100000000
0000000000000000111100000000
0000000000000000111100000000
0000000000000000111100000000
0000000000000000111100000000
0000000000000000111100000000
0000000000000000111100000000
0000000000000000111100000000
0000000000000000111100000000
0000000000000000111100000000
0000001111000000111100000000
0000011111000000111100000000
0000011111000000111100000000
0000011111000000111100000000
0000011110000000111000000000
0000001100000001111000000000
0000001100000001110000000000
0000000111000111100000000000
0000000011111111000000000000
