0000001110000000000011100000
0000001111000000000011100000
0000001111000000000111100000
0000000111000000000111000000
0000000011100000001111000000
0000000011110000001110000000
0000000011110000011110000000
0000000001110000011100000000
0000000000111000111100000000
0000000000111000111000000000
0000000000111100111000000000
0000000000011101110000000000
0000000000001111110000000000
0000000000001111100000000000
0000000000001111000000000000
0000000000000111000000000000
0000000000000111000000000000
0000000000000111000000000000
0000000000000111000000000000
0000000000000111000000000000
0000000000000111000000000000
0000000000000111000000000000
0000000000000111000000000000
0000000000000111000000000000
0000000000000111000000000000
0000000000000000000000000000
0000000000000000000000000000
0000000000000000000000000000
