0000000000000000000000000000
0000000000000000000000000000
0000000000000000000000000000
0000000000000000000000000000
0000000000000000000000000000
0011100000000111000000001110
0011100000000111000000001110
0001110000001111100000011100
0001110000001111100000011100
0000111000001111100000111000
0000111000001101100000111000
0000111000011101110000111000
0000111000011101110000111000
0000011100011101110001110000
0000011100111000111001110000
0000011110111000111001110000
0000011110110000111011110000
0000001110110000011011100000
0000001111110000011111100000
0000000111110000011111000000
0000000111100000011111000000
0000000111100000001111000000
0000000000000000000000000000
0000000000000000000000000000
0000000000000000000000000000
0000000000000000000000000000
0000000000000000000000000000
0000000000000000000000000000
