0110000000000111000000000011
1111000000000111000000000011
0111000000000111000000000011
0111000000001111100000000111
0011000000001111100000000111
0011100000001101110000000110
0011100000011101110000000110
0011100000011101110000001110
0001100000011101110000001110
0001110000011000111000001100
0001110000111000111000011100
0001110000111000111000011100
0000111000111000111000011100
0000111000110000011100111000
0000111000110000011100111000
0000111001110000011100111000
0000011101100000001100110000
0000011101100000001111110000
0000011101100000001111110000
0000001111100000001111110000
0000001111000000000111100000
0000001111000000000111100000
0000000000000000000000000000
0000000000000000000000000000
0000000000000000000000000000
0000000000000000000000000000
0000000000000000000000000000
0000000000000000000000000000
