0000000011000000000000000000
0000000111100000000000000000
0000000111100000000000000000
0000000111100000000000000000
0000000111100000000000000000
0000000111100000000000000000
0000000111100000000000000000
0000000111100000000000000000
0000000111100000000000000000
0000000111100000000000000000
0000000111100000000000000000
0000000111100000000000000000
0000000111100000000000000000
0000000111100000000000000000
0000000111100000000000000000
0000000111100000000000000000
0000000111100000000000000000
0000000111100000000000000000
0000000111100000000000000000
0000000111100000000000000000
0000000111100000000000000000
0000000111100000000000000000
0000000111100000000000000000
0000000111100000000000000000
0000000111100000000000000000
0000000111111111111110000000
0000000111111111111111000000
0000000111111111111110000000
