0000000000000001110000000000
0000000000000001111000000000
0000000000000011111000000000
0000000000000111111000000000
0000000000000110111000000000
0000000000001110111000000000
0000000000011100111000000000
0000000000011100111000000000
0000000000111000111000000000
0000000000110000111000000000
0000000001110000111000000000
0000000001100000111000000000
0000000011100000111000000000
0000000011000000111000000000
0000000110000000111000000000
0000001111111111111111000000
0000001111111111111111100000
0000001111111111111111100000
0000000000000000111000000000
0000000000000000111000000000
0000000000000000111000000000
0000000000000000111000000000
0000000000000000111000000000
0000000000000000000000000000
0000000000000000000000000000
0000000000000000000000000000
0000000000000000000000000000
0000000000000000000000000000
