0000000000000011111000000000
0000000000011111111111000000
0000000000111111111111110000
0000000001111111111111110000
0000000011111000000011110000
0000000111100000000000010000
0000001111000000000000000000
0000001111000000000000000000
0000011111000000000000000000
0000011110000000000000000000
0000011110000000000000000000
0000011110000000000000000000
0000011100000000000000000000
0000011100000000000000000000
0000011100000000000000000000
0000011100000000000000000000
0000011100000000000000000000
0000011110000000000000000000
0000011110000000000000000000
0000011110000000000000000000
0000011111000000000000000000
0000011111000000000000000000
0000001111000000000000000000
0000001111100000000000010000
0000000111111100000011110000
0000000011111111111111110000
0000000001111111111111100000
0000000000011111111110000000
