0000001100000000000001100000
0000011111000000000011110000
0000011111100000000011110000
0000011111110000000011110000
0000011101110000000011110000
0000011101110000000011110000
0000011100111000000011110000
0000011100111100000011110000
0000011100011100000011110000
0000011100011110000011110000
0000011100001110000011110000
0000011100001111000011110000
0000011100000111000011110000
0000011100000111100011110000
0000011100000011110011110000
0000011100000011110011110000
0000011100000001110011110000
0000011100000001111011110000
0000011100000000111111110000
0000011100000000111111110000
0000011100000000011111110000
0000011100000000001111110000
0000011100000000001111110000
0000011100000000000111110000
0000011100000000000011100000
0000000000000000000000000000
0000000000000000000000000000
0000000000000000000000000000
