0000000000000000000000000000
0000000000000000000000000000
0000000000000000000000000000
0000000000000000000000000000
0000000000000000000000000000
0000000000000000000000000000
0000000000000000000000000000
0000000000000000000000000000
0000000000001111111000000000
0000000000011111111100000000
0000000000111000001100000000
0000000001110000000000000000
0000000001110000000000000000
0000000001110000000000000000
0000000001110000000000000000
0000000001100000000000000000
0000000001110000000000000000
0000000001110000000000000000
0000000001110000000000000000
0000000001111000000100000000
0000000000111100011100000000
0000000000011111111000000000
0000000000001111110000000000
0000000000000000000000000000
0000000000000000000000000000
0000000000000000000000000000
0000000000000000000000000000
0000000000000000000000000000
