0000000000000000000000000000
0000000000000000000000000000
0000000000000000000000000000
0000000000000000000000000000
0000000000000000000000000000
0000000000111111100111000000
0000000001111111110111000000
0000000011110000111111000000
0000000011110000011111000000
0000000111100000001111000000
0000000111000000000111000000
0000000111000000000111000000
0000000111000000000111000000
0000000111000000000111000000
0000000111000000000111000000
0000000111000000000111000000
0000000111000000000111000000
0000000111100000001111000000
0000000011100000011111000000
0000000011110001111111000000
0000000001111111110111000000
0000000000111111100111000000
0000000000000000000111000000
0000000000000000000111000000
0000000000000000000111000000
0000000000000000000111000000
0000000000000000000111000000
0000000000000000000111000000
