0000000000000000000000000000
0000000000000000000000000000
0000000000000000000000000000
0000000000000000000000000000
0000000000000000000000000000
0000000000000000000000000000
0000000000000000000000000000
0000000000000000000000000000
0000000000001111111000000000
0000000000011111111100000000
0000000000111100011100000000
0000000001110000011100000000
0000000001110000011100000000
0000000001100000011100000000
0000000001100000011100000000
0000000001100000011100000000
0000000001100000011100000000
0000000001100000011100000000
0000000001110000011100000000
0000000001111111111100000000
0000000000111111101110000000
0000000000000110000100000000
0000000000000000000000000000
0000000000000000000000000000
0000000000000000000000000000
0000000000000000000000000000
0000000000000000000000000000
0000000000000000000000000000
