0000000000000000000000000000
0000000001100000000000000000
0000000011100000000000000000
0000000011100000000000000000
0000000011100000000000000000
0000000011100000000000000000
0000000011100000000000000000
0000000011100000000000000000
0000000011111111110000000000
0000000011111111111000000000
0000000011110000111100000000
0000000011100000011100000000
0000000011100000001100000000
0000000011100000001100000000
0000000011100000001110000000
0000000011100000001100000000
0000000011100000001100000000
0000000011100000011100000000
0000000011110000111000000000
0000000011111111111000000000
0000000011111111100000000000
0000000000000000000000000000
0000000000000000000000000000
0000000000000000000000000000
0000000000000000000000000000
0000000000000000000000000000
0000000000000000000000000000
0000000000000000000000000000
