0000000000000000000000000000
0000000000000000000000000000
0000000000000000000000000000
0000000000000000000000000000
0000001000000000000000000000
0000011000011100001110000000
0000011000111110111111000000
0000011001111111111111100000
0000011011101111110011100000
0000011111000111100011100000
0000011111000110000011100000
0000011100000110000001100000
0000011100000110000001110000
0000011100000110000001110000
0000011100000111000001110000
0000011000000111000001110000
0000011000000111000001110000
0000011000000111000001110000
0000011000000111000001110000
0000011100000111000001111000
0000011000000111000000111000
0000000000000011000000000000
0000000000000000000000000000
0000000000000000000000000000
0000000000000000000000000000
0000000000000000000000000000
0000000000000000000000000000
0000000000000000000000000000
