0000000000000000000000000000
0000000000000000000000000000
0000000000000000000000000000
0000000000000000000000000000
0000000000000000000000000000
0000000000000000000000000000
0000001100000111000001110000
0000001100000111000001110000
0000001110000111000001100000
0000001110001111100011100000
0000001110001111100011100000
0000001110011111100011000000
0000001110011101100111000000
0000001110011101100111000000
0000000110011001110111000000
0000000111111001110110000000
0000000111110001111110000000
0000000111110001111110000000
0000000111100000111100000000
0000000011100000111100000000
0000000011100000011000000000
0000000000000000000000000000
0000000000000000000000000000
0000000000000000000000000000
0000000000000000000000000000
0000000000000000000000000000
0000000000000000000000000000
0000000000000000000000000000
