0000000000000000000000000000
0000000000000000000000000000
0000000000000000000000000000
0000000000000000000000000000
0000000000000000000000000000
0000000001100000000011000000
0000000011110000000111000000
0000000001111000001110000000
0000000000111100011110000000
0000000000011100111100000000
0000000000011111111000000000
0000000000001111110000000000
0000000000000111100000000000
0000000000001111100000000000
0000000000011111110000000000
0000000000111101111000000000
0000000001111000111000000000
0000000011110000011100000000
0000000111100000001110000000
0000000111000000001110000000
0000000000000000000110000000
0000000000000000000000000000
0000000000000000000000000000
0000000000000000000000000000
0000000000000000000000000000
0000000000000000000000000000
0000000000000000000000000000
0000000000000000000000000000
