0000000000000000000000000000
0000000000000000000000000000
0000000000000000000000000000
0000000000000000000000000000
0000000000000000000000000000
0000000000000000000010000000
0000000111000000000111000000
0000000111100000001110000000
0000000011100000001110000000
0000000011110000001110000000
0000000001110000011100000000
0000000001111000011100000000
0000000000111000111000000000
0000000000011100111000000000
0000000000011101110000000000
0000000000011111110000000000
0000000000001111110000000000
0000000000001111100000000000
0000000000000111100000000000
0000000000000111000000000000
0000000000000111000000000000
0000000000001110000000000000
0000000000001110000000000000
0000000000011100000000000000
0000000000011100000000000000
0000000000011100000000000000
0000000000111000000000000000
0000000000111000000000000000
