0000000000000000000000000000
0000000000000000000000000000
0000000000000000000000000000
0000000000000000011100000000
0000000000000000111100000000
0000000000000001111100000000
0000000000000001111100000000
0000000000000011111100000000
0000000000000111111110000000
0000000000000111011110000000
0000000000001111011110000000
0000000000001110001110000000
0000000000011110001110000000
0000000000111100001111000000
0000000000111000001111000000
0000000001111011111111000000
0000000011111111111111000000
0000000111111111111111000000
0000000111111111000111100000
0000000111111000000011100000
0000000111000000000011100000
0000001111000000000011100000
0000001110000000000011110000
0000011110000000000001110000
0000011100000000000001110000
0000011100000000000001110000
0000001000000000000000110000
0000000000000000000000000000
