0000000000000000000000000000
0000001000000000000000000000
0000011110000000000000000000
0000011111110000000000000000
0000011111111100000000000000
0000011111111111000000000000
0000011100111111110000000000
0000011100000111111000000000
0000011100000001111100000000
0000011100000000111110000000
0000011100000000011111000000
0000011100000000001111000000
0000011100000000000111100000
0000011100000000000011100000
0000011100000000000011110000
0000011100000000000001110000
0000011100000000000001110000
0000011100000000000001110000
0000011100000000000001110000
0000011100000000000011110000
0000011100000000000011100000
0000011100000000000111100000
0000011100000000001111100000
0000011100000000011111000000
0000011110000001111110000000
0000011111111111111100000000
0000001111111111110000000000
0000000001111111000000000000
