0000000000000000000000000000
0000000000000000001110000000
0000000000000000001110000000
0000000000000000001110000000
0000000000000000001110000000
0000000000000000001110000000
0000000000000000001110000000
0000000000000000001100000000
0000000000011111101100000000
0000000000111111111100000000
0000000001111000111100000000
0000000001100000011100000000
0000000011100000001100000000
0000000011100000001100000000
0000000011000000001100000000
0000000011000000001100000000
0000000011100000001100000000
0000000011100000001100000000
0000000001110000111100000000
0000000001111111111100000000
0000000000011111111110000000
0000000000000000000000000000
0000000000000000000000000000
0000000000000000000000000000
0000000000000000000000000000
0000000000000000000000000000
0000000000000000000000000000
0000000000000000000000000000
