0000000000000000000000000000
0000000000011111111000000000
0000001111111111111111000000
0000001111111111111111100000
0000001111111000001111100000
0000001110000000000000000000
0000001110000000000000000000
0000001110000000000000000000
0000001110000000000000000000
0000001110000000000000000000
0000001110000000000000000000
0000001110001111111000000000
0000001111111111111110000000
0000001111111111111110000000
0000001111111111111100000000
0000001110000000000000000000
0000001110000000000000000000
0000001110000000000000000000
0000001110000000000000000000
0000001110000000000000000000
0000001110000000000000000000
0000001110000000000000000000
0000001110000000000000000000
0000001110000000000000000000
0000001110000000000000000000
0000001110000000000000000000
0000001110000000000000000000
0000001110000000000000000000
