0000000000000000000000000000
0000000000000000000000000000
0000011000000000000000111000
0000111000000000000000111000
0000111000000000000000111000
0000111000000000000000111000
0000111000000000000000111000
0000111000000000000000111000
0000111000000000000001111000
0000111000000000000001111000
0000111000000000000001111000
0000111000000000000001110000
0000111000000000000001110000
0000111000000011111111110000
0000111011111111111111110000
0000111111111111111111110000
0000111111111110000001110000
0000111110000000000001110000
0000111000000000000001110000
0000111000000000000001110000
0000111000000000000001110000
0000111000000000000001110000
0000111000000000000001110000
0000111000000000000001110000
0000111000000000000001110000
0000111000000000000001110000
0000111000000000000000110000
0000010000000000000000000000
