0000000000000000000000000000
0000000000000000000000000000
0000000110000000000110000000
0000001111000000001111000000
0000001111000000011111000000
0000001111000000111110000000
0000001110000001111100000000
0000001110000001111000000000
0000001110000011110000000000
0000001110000111100000000000
0000001110001111100000000000
0000001110011111000000000000
0000001110111110000000000000
0000001111111100000000000000
0000001111111000000000000000
0000001111110000000000000000
0000001111111000000000000000
0000001111111100000000000000
0000001110111110000000000000
0000001110011111000000000000
0000001110001111100000000000
0000001110000111110000000000
0000001110000011111000000000
0000001110000001111110000000
0000001110000000111111000000
0000001110000000011111100000
0000001110000000000111000000
0000000110000000000000000000
