0000000000000000000000000000
0000011000000000000001100000
0000011100000000000001100000
0000011110000000000001110000
0000011111000000000001110000
0000011111000000000001110000
0000011111100000000001110000
0000011111110000000001110000
0000011101111000000001110000
0000011100111000000001110000
0000011100011100000001110000
0000011100011110000001110000
0000011100001111000001110000
0000011100000111000001110000
0000011100000011100001110000
0000011100000001110001110000
0000011100000000111001110000
0000011100000000111101110000
0000011100000000001111110000
0000011100000000001111110000
0000011100000000000111110000
0000011100000000000011110000
0000011000000000000001100000
0000000000000000000000000000
0000000000000000000000000000
0000000000000000000000000000
0000000000000000000000000000
0000000000000000000000000000
