0000000000000000000000000000
0000000100000000000011000000
0000001110000000000011100000
0000001110000000000111000000
0000000111000000000111000000
0000000111000000001110000000
0000000111000000001110000000
0000000011000000001110000000
0000000011100000011100000000
0000000011100000011100000000
0000000011100000111000000000
0000000011100000111000000000
0000000001110000111000000000
0000000001110001110000000000
0000000001110001110000000000
0000000000111001110000000000
0000000000111011100000000000
0000000000111011100000000000
0000000000011111000000000000
0000000000011111000000000000
0000000000011111000000000000
0000000000001110000000000000
0000000000001110000000000000
0000000000000000000000000000
0000000000000000000000000000
0000000000000000000000000000
0000000000000000000000000000
0000000000000000000000000000
