0000000000000000000000000000
0000000000011111100000000000
0000000001111111111000000000
0000000011111111111100000000
0000000011110000011100000000
0000000001000000001110000000
0000000000000000001110000000
0000000000000000001110000000
0000000000000000011100000000
0000000000000001111100000000
0000000000001111111000000000
0000000000011111110000000000
0000000000001111111000000000
0000000000000001111100000000
0000000000000000011110000000
0000000000000000001110000000
0000000000000000001110000000
0000000000000000001110000000
0000000011000000001110000000
0000000111000000001110000000
0000000011100000011100000000
0000000011111111111100000000
0000000001111111111000000000
0000000000011111100000000000
0000000000000000000000000000
0000000000000000000000000000
0000000000000000000000000000
0000000000000000000000000000
