0000000000000000000000000000
0000111111111000001111111000
0000000111000000000001100000
0000000111000000000001000000
0000000110000000000001000000
0000000110000000000001000000
0000000110000000000000000000
0000000110000000000000000000
0000000110000000000000000000
0000000110000000000000000000
0000000110000000000000000000
0000000110000000000000100000
0000000111000000000000100000
0000000111000000000000000000
0000000111000000000000000000
0000000111000000000000000000
0000000111000000000000000000
0000000111000000000001000000
0000000011000000000001000000
0000000011100000000010000000
0000000001111000001100000000
0000000000001111110000000000
0000000000000000000000000000
0000000000000000000000000000
0000000000000000000000000000
0000000000000000000000000000
0000000000000000000000000000
0000000000000000000000000000
