0000000000011000000000000000
0000000011111100000000000000
0000000100001100000000000000
0000000000000000000000000000
0000001000000000000000000000
0000001000000000000000000000
0000001000000000000000000000
0000001000000000000000000000
0000011000000000111100000000
0000111111100001000011000000
0000111000000010000001111100
0000011000000110000001100000
0000011000000110000001100000
0000011000000110000001100000
0000001000000110000001100000
0000001000000011000001000000
0000001000000001000010000000
0000001000000001111000000000
0000001000000110000000000000
0000011100000110000000000000
0001111111100011111110000000
0000000000000001111111110000
0000000000000010000000011000
0000000000000100000000001000
0000000000001100000000001000
0000000000001100000000011000
0000000000001100000000010000
0000000000000110000001100000
