0000000000000000000000000000
0000000011111111111110000000
0000000011111111111110000000
0000000010000000000110000000
0000000010000000000100000000
0000000010000000001100000000
0000000000000000001000000000
0000000000000000001000000000
0000000000000000010000000000
0000000000000000010000000000
0000000000000000010000000000
0000000000000000100000000000
0000000000000000100000000000
0000000000000000100000000000
0000000000000001000000000000
0000000000000001000000000000
0000000000000011000000000000
0000000000000010000000000000
0000000000000010000000000000
0000000000000000000000000000
0000000000000100000000000000
0000000000000100000000000000
0000000000000100000000000000
0000000000000000000000000000
0000000000000000000000000000
0000000000000000000000000000
0000000000000000000000000000
0000000000000000000000000000
