0000000000000000000000000000
0000000000011111110000000000
0000000000100000011000000000
0000000001100000001000000000
0000000001000000001000000000
0000000011000000000000000000
0000000011100000000000000000
0000000001110000000000000000
0000000001111000000000000000
0000000000111110000000000000
0000000000011111100000000000
0000000000000111110000000000
0000000000000011111100000000
0000000000000000111100000000
0000000000000000011110000000
0000000000000000001110000000
0000000010000000000110000000
0000000010000000000100000000
0000000011000000001100000000
0000000011100000001000000000
0000000011110000010000000000
0000000000011111000000000000
0000000000000000000000000000
0000000000000000000000000000
0000000000000000000000000000
0000000000000000000000000000
0000000000000000000000000000
0000000000000000000000000000
