0000000000000000000000000000
0000000000011111111100000000
0000000001100000000111000000
0000000111000000000011000000
0000001110000000000001000000
0000011100000000000000000000
0000011100000000000000000000
0000111000000000000000000000
0000111000000000000000000000
0000111000000000000000000000
0000111000000000000000000000
0000111000000000000000000000
0000111000000000111111111100
0000111000000000000011100000
0000111000000000000011100000
0000111100000000000011100000
0000011100000000000011100000
0000001110000000000011100000
0000000111000000000011000000
0000000011110000000111000000
0000000000111111111000000000
0000000000000000000000000000
0000000000000000000000000000
0000000000000000000000000000
0000000000000000000000000000
0000000000000000000000000000
0000000000000000000000000000
0000000000000000000000000000
