0000000000000000000000000000
0000111111111111110000000000
0000001111000000111100000000
0000000110000000001111000000
0000000110000000000111100000
0000000110000000000011110000
0000000110000000000001110000
0000000110000000000001111000
0000000110000000000000111000
0000000110000000000000111000
0000000110000000000000111000
0000000110000000000000111000
0000000110000000000000111000
0000000110000000000000111000
0000000111000000000000111000
0000000111000000000001111000
0000000111000000000001110000
0000000111000000000011100000
0000000111000000000111000000
0000001111100000011110000000
0001111111111111110000000000
0000000000000000000000000000
0000000000000000000000000000
0000000000000000000000000000
0000000000000000000000000000
0000000000000000000000000000
0000000000000000000000000000
0000000000000000000000000000
