0000000000000000000000000000
0000000000000000000000000000
0000000000000000000000000000
0000100000010000000011000000
0001100011111100011111111000
0011101110011110010000111000
0011110000000111100000011100
0001110000000111000000011100
0001100000000111000000001100
0001100000000111000000001100
0001100000000111000000001100
0001100000000111000000001100
0001100000000111000000001100
0001100000000110000000001100
0001100000000111000000001100
0001100000000111000000001100
0001100000000111000000001100
0011111000001111100000011110
1111111100111111111001111111
0000000000000000000000000000
0000000000000000000000000000
0000000000000000000000000000
0000000000000000000000000000
0000000000000000000000000000
0000000000000000000000000000
0000000000000000000000000000
0000000000000000000000000000
0000000000000000000000000000
