0000000000000000000000000000
0011111100000000000001111110
0000011100000000000001110000
0000011110000000000001110000
0000010110000000000011110000
0000010111000000000011110000
0000010011000000000101110000
0000010011100000000101110000
0000010011100000000001110000
0000010001110000001001110000
0000010001110000001001110000
0000010000110000010001110000
0000010000111000010001110000
0000010000011000000001110000
0000010000011100100001110000
0000010000001100100001110000
0000010000001111000001110000
0000010000001111000001110000
0000010000000110000001110000
0000110000000110000001110000
0001110000000110000011111000
0000000000000000001100001110
0000000000000000000000000000
0000000000000000000000000000
0000000000000000000000000000
0000000000000000000000000000
0000000000000000000000000000
0000000000000000000000000000
