0000000000000000000000000000
0000000011100000000000000000
0000000011100000000000000000
0000000001100000000000000000
0000000001100000000000000000
0000000001100000000000000000
0000000001100000000000000000
0000000001100000000000000000
0000000001100001100000000000
0000000001100111111000000000
0000000001101000011000000000
0000000001110000001100000000
0000000001100000001100000000
0000000001100000001100000000
0000000001100000001100000000
0000000001100000001100000000
0000000001100000001100000000
0000000001100000001100000000
0000000001100000001100000000
0000000001100000001100000000
0000000111111100111111000000
0000000000000000000000000000
0000000000000000000000000000
0000000000000000000000000000
0000000000000000000000000000
0000000000000000000000000000
0000000000000000000000000000
0000000000000000000000000000
