0000000000000000000000000000
0000001111111111110000000000
0000000001110000011100000000
0000000001110000001110000000
0000000001110000000110000000
0000000001110000000110000000
0000000001110000000110000000
0000000001110000000110000000
0000000001110000001100000000
0000000001110000011000000000
0000000001111111111100000000
0000000001110000000111000000
0000000001110000000111000000
0000000001110000000011100000
0000000001110000000011100000
0000000001110000000011100000
0000000001110000000011100000
0000000001110000000011000000
0000000001110000000110000000
0000000001111000011100000000
0000001111111111100000000000
0000000000000000000000000000
0000000000000000000000000000
0000000000000000000000000000
0000000000000000000000000000
0000000000000000000000000000
0000000000000000000000000000
0000000000000000000000000000
