0000000000000000000000000000
0000000000000000000000000000
0000000000000000000000000000
0000000000000110000000000000
0000000000011001110000000000
0000000000110000110000000000
0000000000110000011000000000
0000000001110000001000000000
0000000000110000000000000000
0000000000111100000000000000
0000000000011111100000000000
0000000000001111110000000000
0000000000000001111000000000
0000000000000000111000000000
0000000001000000011000000000
0000000000100000011000000000
0000000000100000011000000000
0000000000110000010000000000
0000000000111111100000000000
0000000000000000000000000000
0000000000000000000000000000
0000000000000000000000000000
0000000000000000000000000000
0000000000000000000000000000
0000000000000000000000000000
0000000000000000000000000000
0000000000000000000000000000
0000000000000000000000000000
