0000000000000000000000000000
0000011111111100111111110000
0000000011100000000111000000
0000000001100000000111000000
0000000001100000000111000000
0000000001100000000111000000
0000000001100000000111000000
0000000001100000000111000000
0000000001100000000111000000
0000000001100000000111000000
0000000001100000000111000000
0000000001100000000111000000
0000000001100000000111000000
0000000001100000000111000000
0000000001100000000111000000
0000000001100000000111000000
0000000001100000000111000000
0000000001100000000111000000
0000000001100000000111000000
0000000011100000000111000000
0000011111111100000110000000
0000000000000000000110000000
0000000000000000000110000000
0000000000000000000110000000
0000000000000000000100000000
0000000000000000000100000000
0000000000000110001000000000
0000000000000111011000000000
