0000000000000000000000000000
0000111111110000001111111000
0000000110000000000011100000
0000000110000000000011000000
0000000110000000000011000000
0000000110000000000011000000
0000000110000000000011000000
0000000110000000000011000000
0000000110000000000011000000
0000000110000000000011000000
0000000111000000000111000000
0000000111111111000011000000
0000000110000000000011000000
0000000110000000000011000000
0000000110000000000011000000
0000000110000000000011000000
0000000110000000000011000000
0000000110000000000011000000
0000000110000000000011000000
0000001110000000000011100000
0000111111100000011111111000
0000000000000000000000000000
0000000000000000000000000000
0000000000000000000000000000
0000000000000000000000000000
0000000000000000000000000000
0000000000000000000000000000
0000000000000000000000000000
