0000000000000000000000000000
0000000000001111110000000000
0000000001100000001100000000
0000000110000000000111000000
0000001110000000000001100000
0000011100000000000001110000
0000011000000000000000110000
0000111000000000000000111000
0000111000000000000000111000
0000111000000000000000011000
0000110000000000000000011000
0001110000000000000000011000
0000110000000000000000011000
0000111000000000000000111000
0000111000000000000000111000
0000111000000000000000111000
0000011100000000000000110000
0000011100000000000001110000
0000001110000000000001100000
0000000111000000000011000000
0000000001100000001100000000
0000000000001111100000000000
0000000000000000000000000000
0000000000000000000000000000
0000000000000000000000000000
0000000000000000000000000000
0000000000000000000000000000
0000000000000000000000000000
