0000000000000000000000000000
0000000000000000000000000000
0000000000000000000000000000
0000000001000000000000000000
0000000111000111111000000000
0000001111011111111110000000
0000000011100000001111000000
0000000011000000000111000000
0000000011000000000011100000
0000000011000000000011100000
0000000011000000000001100000
0000000011000000000001100000
0000000011100000000001100000
0000000011100000000001100000
0000000011100000000011100000
0000000011100000000111000000
0000000011100000000110000000
0000000011111000011100000000
0000000011101111110000000000
0000000011100000000000000000
0000000011100000000000000000
0000000011100000000000000000
0000000011100000000000000000
0000000011100000000000000000
0000000011100000000000000000
0000000011100000000000000000
0000000011100000000000000000
0000001111111100000000000000
