0000000000000000000000000000
0000000111111111111111000000
0000000001110000000011000000
0000000000110000000001000000
0000000000110000000001000000
0000000000110000000000000000
0000000000110000000000000000
0000000000110000000100000000
0000000000110000000100000000
0000000000110000000100000000
0000000000111111111100000000
0000000000110000000100000000
0000000000110000000100000000
0000000000110000000000000000
0000000000110000000000000000
0000000000110000000000000000
0000000000110000000000000000
0000000000110000000000000000
0000000000110000000000000000
0000000001110000000000000000
0000000111111110000000000000
0000000000000000000000000000
0000000000000000000000000000
0000000000000000000000000000
0000000000000000000000000000
0000000000000000000000000000
0000000000000000000000000000
0000000000000000000000000000
