0000000000000000000000000000
0011111111111000111111111100
0001111111100000001111110000
0000111110000000001111000000
0000011110000000001110000000
0000011110000000001100000000
0000011110000000011000000000
0000011110000000110000000000
0000011110000001100000000000
0000011110000011000000000000
0000011110000110000000000000
0000011110001100000000000000
0000011110011000000000000000
0000011110111100000000000000
0000011111111110000000000000
0000011110111111000000000000
0000011110011111000000000000
0000011110001111100000000000
0000011110000111110000000000
0000011110000011111000000000
0000011110000001111100000000
0000011110000001111100000000
0000011110000000111110000000
0000011110000000011111000000
0000011110000000001111100000
0000011111000000001111110000
0011111111111000000111111110
0011111111111000000011111110
