0000000000000000000000000000
0000001111110000000000000000
0000000001110000000000000000
0000000001110000000000000000
0000000001110000000000000000
0000000001110000000000000000
0000000001110000000000000000
0000000001110000000000000000
0000000001110001110000000000
0000000001110111111100000000
0000000001111000011100000000
0000000001110000011100000000
0000000001110000001100000000
0000000001110000001100000000
0000000001110000001100000000
0000000001110000001100000000
0000000001110000001100000000
0000000001110000001100000000
0000000001110000001100000000
0000000001110000001100000000
0000000001110000001110000000
0000000111111100111111100000
0000000000000000000000000000
0000000000000000000000000000
0000000000000000000000000000
0000000000000000000000000000
0000000000000000000000000000
0000000000000000000000000000
