0000000000000000000000000000
0011111111111111100000000000
0001111111111111111100000000
0000011111000000111111000000
0000011111000000001111100000
0000011111000000000011110000
0000011111000000000011111000
0000011111000000000001111100
0000011111000000000000111100
0000011111000000000000111100
0000011111000000000000111110
0000011111000000000000111110
0000011111000000000000011110
0000011111000000000000011110
0000011111000000000000011110
0000011111000000000000011110
0000011111000000000000011110
0000011111000000000000111110
0000011111000000000000111110
0000011111000000000000111100
0000011111000000000000111100
0000011111000000000000111100
0000011111000000000001111000
0000011111000000000011110000
0000011111000000000111000000
0000011111000000011110000000
0011111111111111111000000000
0011111111111111000000000000
