0000000000000000000000000000
0000011111111111111111110000
0000011110000111000011110000
0000011100000111000001110000
0000011000000111000000110000
0000011000000111000000110000
0000010000000111000000010000
0000000000000111000000000000
0000000000000111000000000000
0000000000000111000000000000
0000000000000111000000000000
0000000000000111000000000000
0000000000000111000000000000
0000000000000111000000000000
0000000000000111000000000000
0000000000000111000000000000
0000000000000111000000000000
0000000000000111000000000000
0000000000000111000000000000
0000000000000111000000000000
0000000000000111000000000000
0000000000111111111000000000
0000000001111111111000000000
0000000000000000000000000000
0000000000000000000000000000
0000000000000000000000000000
0000000000000000000000000000
0000000000000000000000000000
