0000000000000000000000000000
0000000000000000000000000000
0000000000000000000000000000
0000000000000000000000000000
0000000000000000000000000000
0000000011111100111100000000
0000000011111101111110000000
0000000000111110011110000000
0000000000011100011100000000
0000000000011100000000000000
0000000000011100000000000000
0000000000011100000000000000
0000000000011100000000000000
0000000000011100000000000000
0000000000011100000000000000
0000000000011100000000000000
0000000000011100000000000000
0000000000011100000000000000
0000000000011100000000000000
0000000000011100000000000000
0000000011111111100000000000
0000000000000000000000000000
0000000000000000000000000000
0000000000000000000000000000
0000000000000000000000000000
0000000000000000000000000000
0000000000000000000000000000
0000000000000000000000000000
