0000000000000000000000000000
0000000000000000000000000000
0000000000000000000000000000
0000000000000000000000000000
0000000000000000000000000000
0000001111100001111110000000
0000001111100001111110000000
0000000011100000011110000000
0000000011100000001110000000
0000000011100000001110000000
0000000011100000001110000000
0000000011100000001110000000
0000000011100000001110000000
0000000011100000001110000000
0000000011100000001110000000
0000000011100000001110000000
0000000011100000001110000000
0000000011100000001110000000
0000000011110000011110000000
0000000001110000101111000000
0000000001111111001111100000
0000000000011110000000000000
0000000000000000000000000000
0000000000000000000000000000
0000000000000000000000000000
0000000000000000000000000000
0000000000000000000000000000
0000000000000000000000000000
