0000000000000111100000000000
0000000000011111111000000000
0000000001110000011100000000
0000000011100000001110000000
0000000011100000000110000000
0000000011100000000111000000
0000000011100000000111000000
0000000011100000000110000000
0000000011110000001110000000
0000000001111100001100000000
0000000000111111011000000000
0000000000011111110000000000
0000000000110111111100000000
0000000011100001111110000000
0000000111000000011111000000
0000000111000000001111000000
0000000111000000000111000000
0000000111000000000111000000
0000000111000000000111000000
0000000111000000000111000000
0000000011100000000110000000
0000000011110000001100000000
0000000000111111111000000000
0000000000000111000000000000
0000000000000000000000000000
0000000000000000000000000000
0000000000000000000000000000
0000000000000000000000000000
