0000000000000000000000000000
0000000000000000000000000000
0000000000000000000000000000
0000000000000000000000000000
0000000000000000000000000000
0000000000011111110000000000
0000000001111000111000000000
0000000011100000011100000000
0000000011100000001110000000
0000000111000000001111000000
0000000111000000001111000000
0000000111000000001111000000
0000000111000000000111000000
0000001111000000000111000000
0000000111000000000111000000
0000000111000000001111000000
0000000111000000001111000000
0000000111100000001110000000
0000000011100000011110000000
0000000001110000011100000000
0000000000111001111000000000
0000000000001111100000000000
0000000000000000000000000000
0000000000000000000000000000
0000000000000000000000000000
0000000000000000000000000000
0000000000000000000000000000
0000000000000000000000000000
