0000000000000000000000000000
0001111111000000011111111100
0000011111000000000111110000
0000001111100000000001100000
0000001111110000000001100000
0000000101110000000001100000
0000000101111000000001100000
0000000100111100000001100000
0000000100011100000001100000
0000000100011110000001100000
0000000100001111000001100000
0000000100000111100001100000
0000000100000011100001100000
0000000100000011110001100000
0000000100000001111001100000
0000000100000000111101100000
0000000100000000011111100000
0000000100000000011111100000
0000000100000000001111100000
0000000110000000000111100000
0000001110000000000011100000
0000111111110000000011100000
0001111111110000000001100000
0000000000000000000000000000
0000000000000000000000000000
0000000000000000000000000000
0000000000000000000000000000
0000000000000000000000000000
