0000000000000000000000000000
0000111111111111100000000000
0000001111000011111000000000
0000000111000000111100000000
0000000111000000011110000000
0000000111000000011110000000
0000000111000000011110000000
0000000111000000011110000000
0000000111000000011100000000
0000000111000000111100000000
0000000111000001111000000000
0000000111000011100000000000
0000000111111111000000000000
0000000111000111000000000000
0000000111000011100000000000
0000000111000011110000000000
0000000111000001111000000000
0000000111000000111100000000
0000000111000000111100000000
0000000111000000011110000000
0000000111000000001111000000
0000011111110000001111110000
0000111111111000000111111000
0000000000000000000000000000
0000000000000000000000000000
0000000000000000000000000000
0000000000000000000000000000
0000000000000000000000000000
