0000000000000000000000000000
0000000000000111111000000000
0000000000000001111000000000
0000000000000000111000000000
0000000000000000111000000000
0000000000000000111000000000
0000000000000000111000000000
0000000000000000111000000000
0000111110000000111001110000
0011000111000000111111111100
0111000011100000111000001110
0111000011100000111000000111
0011000001100000111000000111
0000000001100000111000000011
0000001111100000111000000011
0001110001100000111000000011
0111000001100000111000000011
0110000001100000111000000011
1110000001100000111000000111
1110000001100000111000000111
0111000111110000111100001110
0111111001111000111110011100
0001110000110000100011110000
0000000000000000000000000000
0000000000000000000000000000
0000000000000000000000000000
0000000000000000000000000000
0000000000000000000000000000
