0000000000000000000000000000
0000000000000011111100000000
0000000000000000011100000000
0000000000000000011100000000
0000000000000000011100000000
0000000000000000011100000000
0000000000000000011100000000
0000000000000000011100000000
0000000000001111011100000000
0000000000111001111100000000
0000000001110000011100000000
0000000011100000011100000000
0000000011100000011100000000
0000000111000000011100000000
0000000111000000011100000000
0000000111000000011100000000
0000000111000000011100000000
0000000111000000011100000000
0000000011100000011100000000
0000000011100000011100000000
0000000001110000111100000000
0000000000111111011111000000
0000000000001110000000000000
0000000000000000000000000000
0000000000000000000000000000
0000000000000000000000000000
0000000000000000000000000000
0000000000000000000000000000
