0000000000000000000000000000
0000000000000000000000000000
0000000000000000000000000000
0000000000000000000000000000
0000000000000000000000000000
0000000000001111101100000000
0000000000111000111100000000
0000000001110000011100000000
0000000001110000001100000000
0000000001110000001100000000
0000000001111000000000000000
0000000001111110000000000000
0000000000111111100000000000
0000000000001111111000000000
0000000000000011111100000000
0000000000000000011110000000
0000000001000000001110000000
0000000001100000001110000000
0000000001100000001100000000
0000000001110000011100000000
0000000001111101111000000000
0000000000000111100000000000
0000000000000000000000000000
0000000000000000000000000000
0000000000000000000000000000
0000000000000000000000000000
0000000000000000000000000000
0000000000000000000000000000
