0000000000000000000000000000
0000000000000000000000000000
0000000000000000000000000000
0000000000000000000000000000
0000000000000000000000000000
1111110001111100001111110000
1111110111111110011111111000
0001111100001111100000111000
0001110000000111000000111000
0001110000000111000000111100
0001110000000111000000011100
0001110000000111000000011100
0001110000000111000000011100
0001110000000111000000011100
0001110000000111000000011100
0001110000000111000000011100
0001110000000111000000011100
0001110000000111000000011100
0001110000000111000000011100
0001110000000111000000111100
1111111100011111110011111111
0000000000000000000000000000
0000000000000000000000000000
0000000000000000000000000000
0000000000000000000000000000
0000000000000000000000000000
0000000000000000000000000000
0000000000000000000000000000
