0000000000000000000000000000
0000000000000011000000000000
0000000000000111000000000000
0000000000000111000000000000
0000000000001111100000000000
0000000000001111100000000000
0000000000001111110000000000
0000000000011011110000000000
0000000000011011110000000000
0000000000110001111000000000
0000000000110001111000000000
0000000000110000111100000000
0000000001100000111100000000
0000000001100000111100000000
0000000011000000011110000000
0000000011000000011110000000
0000000011000000001111000000
0000000011111111111111000000
0000000110000000001111000000
0000000100000000001111100000
0000001100000000000111100000
0000001100000000000111110000
0000001100000000000011110000
0000011000000000000011110000
0000111000000000000011111000
0000111100000000000011111100
0111111111100000011111111111
0111111111100000011111111111
