0000000000000000000000000000
0000000000000000000000000000
0000000000000000000000000000
0000000000000000000000000000
0000000000000000000000000000
0000000000000000000000000000
0000000000000000011000000000
0000000000000000111000000000
0000000000000001111000000000
0000000000000011111000000000
0000000000000011111000000000
0000000000000110111000000000
0000000000001100111000000000
0000000000011000111000000000
0000000000110000111000000000
0000000000100000111000000000
0000000001100000111000000000
0000000011000000111000000000
0000000110000000111000000000
0000001100000000111100000000
0000001111111111111111100000
0000001111111111111111100000
0000000000000000111000000000
0000000000000000111000000000
0000000000000000111000000000
0000000000000000111000000000
0000000000000000111000000000
0000000000000000111000000000
