0000000000000000000000000000
0001111111111111111111110000
0000111111100000111111110000
0000001111100000000011110000
0000000111100000000001110000
0000000111100000000000110000
0000000111100000000000110000
0000000111100000000000110000
0000000111100000000000000000
0000000111100000001100000000
0000000111100000001100000000
0000000111100000001100000000
0000000111100000111100000000
0000000111111111111100000000
0000000111111111111100000000
0000000111100000011100000000
0000000111100000001100000000
0000000111100000001100000000
0000000111100000001100000000
0000000111100000000000000000
0000000111100000000000001100
0000000111100000000000001100
0000000111100000000000011100
0000000111100000000000011100
0000000111100000000000111100
0000000111110000000001111100
0001111111111111111111111100
0001111111111111111111111000
