0000000000000111000000000000
0000000000011111110110000000
0000000001110000011110000000
0000000001100000001110000000
0000000011100000001110000000
0000000011100000000110000000
0000000011100000000110000000
0000000011100000000010000000
0000000011111000000000000000
0000000001111100000000000000
0000000001111111100000000000
0000000000011111111000000000
0000000000001111111100000000
0000000000000001111110000000
0000000000000000011111000000
0000000110000000001111000000
0000000110000000000111000000
0000000110000000000111000000
0000000111000000000111000000
0000000111100000000110000000
0000000111100000001110000000
0000000111111000011100000000
0000000110011111110000000000
0000000000000000000000000000
0000000000000000000000000000
0000000000000000000000000000
0000000000000000000000000000
0000000000000000000000000000
