0000000000000000000000000000
0111111110000000000001111111
0001111110000000000001111100
0000111111000000000011111000
0000010111000000000010111000
0000010111100000000010111000
0000010011100000000110111000
0000010011100000000100111000
0000010011110000001100111000
0000010001110000001000111000
0000010001110000001000111000
0000010001111000011000111000
0000010000111000010000111000
0000010000111100110000111000
0000010000011100100000111000
0000010000011101100000111000
0000010000011111000000111000
0000010000001111000000111000
0000010000001111000000111000
0000011000000110000000111000
0000111000000110000000111000
0011111111000100000011111110
0111111111000000001111111111
0000000000000000000000000000
0000000000000000000000000000
0000000000000000000000000000
0000000000000000000000000000
0000000000000000000000000000
